13.943853451550943 31.495296999625555 60.07542235373426 84.84346107991624 59.17114906550382 47.13269543837794 62.393787650407724 84.06133261364954 67.65274017658446 38.87294116390142 33.161418079339846 30.520630665280443 58.02417265125112 23.146809476267183 42.310935816522395 11.14385246617574 24.0526492890107 5.336534474677055 5.59163295671802 3.1325811539493666 
6.828750068838583 10.567557004426488 25.77047004911568 50.364837924471146 38.172509452512074 30.52357937549932 45.54591567471587 51.48187673485696 46.86079266714015 33.28554958205787 29.239640769527416 63.553601726541494 86.41030092807166 40.83045058018871 12.245204770851872 13.550506056174342 7.204153152067215 17.106272918239515 27.283089762170928 20.476834136794213 
45.73849752557508 61.92446983025602 35.5588429743088 58.050596848903524 45.82610694736026 22.4237269948127 22.25916987231779 24.70805479515954 17.574657525693684 16.5361234735053 58.99863131446013 46.651271451673246 49.492039196928076 22.080824000534886 64.63506458192914 48.78035642201917 48.16437372824468 23.345719014481205 8.609731294284803 17.068393995337367 
24.518883393261433 49.686289510440524 40.95198095734074 29.80464160066721 30.648661348792583 17.09638013149338 21.510849910320392 16.989560197665682 40.61996445223958 20.172615929192478 41.161048868568194 87.52102799486072 75.44415133224211 78.27967989692033 65.01273583034552 56.838651444295415 39.63380399587337 38.137370200935486 46.83623451942003 51.05697874758347 
19.469145503796195 20.685306939542265 17.591019830853362 12.223825880896516 12.160003490795312 12.582333222926765 17.40003948959111 59.969742512586514 47.58270353045197 61.579056344441334 58.57457775635009 87.46277734745567 85.71604932035248 68.54413497135835 63.21609281804881 57.54637230931002 47.731726873420754 10.087470119736338 13.19501553062631 11.902183786059837 
10.350085574138717 15.831269172820779 11.810459321892445 20.789702282349513 14.130569635394643 12.08994492702403 44.76122121547027 58.152576584977865 40.70895631450886 23.244662957032084 100.0 74.11966135328647 66.26634463477578 51.71175232308335 48.57012721787502 28.06357108670559 9.200176567747185 8.493506682007608 9.768352320056831 13.08359525136297 
9.899882163653471 17.27989556232913 22.92983120827303 25.042382447889175 38.39332562041366 31.565968652519782 38.7226703056743 26.550754041149602 27.789418582819863 17.543794218384537 63.30298542778181 62.7714978933139 99.07191474265343 40.58508421633194 47.775673851177075 41.37994379351134 11.169289687544834 39.59344416253632 61.752453335410365 50.171878277616024 
44.2321617182346 43.33093870290043 37.10292206862829 47.81699906632481 60.27970245767319 41.034314778661276 26.94260775178916 39.80550563837346 45.90409140803381 28.59710042790704 33.0274189592902 46.87044144331846 18.617219180350528 18.326884781162757 46.3227956542932 64.25719848174815 46.777470989880676 53.82862796848214 38.062418420045894 37.53567665444643 
78.24683118274841 55.39758558753368 23.57481724728489 22.202966569722033 28.66410005497879 21.184434035752194 41.48972206549591 24.848863857664345 27.329586856195007 55.7187611417276 46.490182036210804 48.19264552451645 20.060211885193386 28.405078485893206 48.96826716746223 12.760327114460585 19.088904400498233 23.843700479935425 20.3726179165437 24.58765779258589 
15.735083537877435 21.663541417208954 19.352381840971052 29.719670140026963 14.889128520577536 49.022978381037674 63.38758139884026 59.06516137170915 39.045102037588855 50.95737498010176 34.27280642992029 19.57715407227536 17.964012598692168 36.09489132200622 16.509411631148257 16.847708582343003 21.36033952025983 14.589090246050976 16.57594962675285 44.463787526130886 
